0.241032283491047
0.702142484146758
-1.46964427800028
-3.44716024811436
0.191370237726203
-0.525775429506199
-0.413020477492777
0.259074794839867
0.0358536257690254
0.0973529986525894
-1.0577403336213
-0.594206110877623
0.599341144639871
-1.31475799348055
-3.28837566404289
-2.91546381991183
-1.36351078656332
-0.656814811942727
0.76177453296284
-1.2585794764546
-0.948663367799799
0.660325339167706
-0.750012978819628
1.19180244613375
-0.234443419117424
1.26822620083386
-0.113283516694532
-0.00206214058461726
-1.54807467987782
0.512104597029216
-0.13428513659164
0.848106764271585
0.477531921588989
-0.963497523905865
-3.85956686849953
0.41824689427635
0.845415544624743
0.4281391033323
0.117702960258791
-0.61545272843151
0.166815777186051
-0.212696609659795
-0.182328647482735
-0.581473408419903
-0.00296321845839887
0.723125012012255
-0.592610459153631
0.700865141114673
-0.358482767971301
1.32107509411887
-0.0210171664053281
0.457474300465108
-0.565172260705044
-0.586302698347197
-0.68664402408412
-0.0789226682561815
-1.09601203657346
-0.938905042423607
-1.89785441927715
-1.77824654633271
-1.34468603843297
-0.153910809502929
-1.27595398284399
-0.973956178830619
-1.38779289943605
-0.675270707357136
-0.461352989099748
-0.711046449255469
-0.87108134603175
-0.745210490009782
1.15275848876858
-0.590351285725657
-0.331653871587215
0.821998185866175
-1.49516069260075
-0.450769737333888
1.2656184089942
0.82255250892913
-0.360952694156494
-0.581473408419903
1.01594472385977
0.0785184702047255
0.0961825246501772
0.224788836741836
-0.151435364229469
-0.715326126845231
-0.398974104598183
-2.39351263928594
-3.24350411178492
-0.615070529007676
2.73588426941395
-0.408114448760829
-1.72568271933867
-0.0192733086476033
0.369851648163499
0.675683001133077
-0.452749416561857
-0.514760971488311
1.30653680504242
1.64396827402205
1.76073442205877
-0.395346701077948
1.11112165728568
0.707543362068623
-0.347814712169378
-0.760519299167963
-0.450792125288207
-0.232619177300415
-1.72495186599567
2.29155662278583
-0.0298465867325553
-0.374759470469724
-2.1850299912925
-0.409607692936843
0.337541041791448
0.349078259282169
1.68306275309526
1.59002938680398
-0.242088588016102
-3.32547844159018
1.36484600385592
0.23808805466134
-0.788817440475484
-0.807154180708203
0.293276648261198
-0.390634217128831
-0.592183520923423
0.175263624198188
1.62720995261654
0.26479755445974
-0.12523015868043
-1.05139963916477
-0.732983079229344
-0.208091401537771
1.22384772229621
-0.561716547055427
0.108999273700782
-0.261979435093703
1.91147126758209
-0.0134853104446278
0.702404291461601
-0.897234167009184
1.4708627171009
-0.255643961596046
0.0502192733232036
-0.189869209188013
0.254239724450021
-0.428231512381418
0.603113484345184
-0.123573156119029
-2.07536671400268
0.0776505442225704
-0.11943196605384
-0.130118514028617
-1.34507808079684
0.205726800608476
-0.452749416561857
0.506729799260697
0.786781236692297
0.940351314829853
0.210771842115986
2.24835928513849
-0.311077827023982
-0.274510044794686
-1.1363126110053
0.61333440069496
1.40223504855193
-0.184040397350915
2.07642419511249
0.798460470213433
0.929644034804912
0.476666451287086
-0.465383346841653
0.509719551735716
-0.383808800132663
0.16856195345694
-0.788445339939802
-0.363438495086323
0.709617944439606
-1.83964656699267
0.379083390371987
0.270048797570966
0.408971603337987
0.240547230172619
-1.34765029651928
0.602514759083915
-0.694279032343477
0.729685541021858
0.585140445857505
0.802065810673703
-0.0998029443149639
-0.0501033868440805
-1.38744099719205
0.464382889858218
-0.136406968905001
-0.856269829429095
-0.271759477246403
0.0143303418600521
0.793390087873734
0.806838589252388
1.30278957521652
-1.2017854807538
-0.997863873398887
0.0185818893015836
1.09050571503795
1.22627461343931
-0.273355994193464
0.175157476641932
-0.400268865674645
-0.376617228854472
0.106983752684878
-0.826109938625771
0.593176362726901
0.556995428299774
1.05359413373547
1.96015775322301
-0.0917433620780582
-0.529139068838461
0.718089249753635
-0.641787501245864
-1.74279614156604
-0.35820115870024
0.371172957707303
-1.21743561267731
-1.55942936651857
0.383521923341541
-0.044349218949314
-0.919864718220073
-2.77407691465143
-0.434195259795609
1.08828253411974
-0.348830638674745
0.246592383168834
-0.547369585204389
0.134424306732688
0.15504073153433
0.589162506145272
1.44691184743958
-0.834208682322684
0.00677477852862409
-0.436783739868688
-1.57232128924437
-1.06156794253696
0.533051986365467
-0.361892334873145
0.00084886988131241
0.344324334868522
1.07958386370091
-0.347814712169378
-0.427774120371418
-0.318616882738776
-0.193675135843878
-2.40214410907018
0.774711312190924
0.526738379222913
-0.307475096231976
0.293276648261198
-0.552840378396939
-0.461352989099748
0.811014321171599
-0.529001203099065
0.546753600198053
1.28167871967886
1.50984163127476
1.03625465927458
-1.42472431863666
-0.233984713161214
1.07076209705461
-1.57769954418715
0.709631412585328
-2.25151434311389
-1.07772592545619
-0.0255750415455337
-0.404698327088268
0.041555083867972
1.18597415842718
1.2258644365095
0.706227750242735
0.260081828732384
1.79916854378515
0.370024081233882
-0.982525346325424
0.153713938066057
0.491454801811508
0.717537722212455
-0.700502388054594
-0.0941931331186973
0.392911948296861
-0.737500916935639
-2.32396816149694
-1.22376308051631
1.36312201917889
0.267748417213448
0.303445058569899
1.04086102682517
-0.0456867318988125
0.394851625934824
-1.008026147611
-0.817857147717546
-0.164889426422453
0.740433035647219
0.0923386497101487
0.407143291892192
-1.22490908025316
-1.90287849144964
-1.62029460967589
-0.807746483763858
0.201690775780955
-0.219442197162309
0.142175887074742
-0.290735102520949
0.830161371076069
-0.38171234285091
0.402900191574131
-0.134083175531307
0.480752562022666
0.494178559248405
-0.860208285531542
0.239360685392575
-0.939555822786756
2.24143472233283
1.47912472225714
-1.9855228430398
-1.3816976448967
-1.50198381419015
-0.189869209188013
0.0247594189489141
1.29706215858639
-0.439703133403508
-0.0127733092783321
-0.0608978508179182
1.62758551382076
0.246539800787291
0.436693552078104
-0.281525464450218
-0.00806469522432459
0.563729556047938
-1.33249945036448
-1.16505264454416
0.811700734865037
1.37175048844961
1.22028345278406
-0.321983402306929
-1.8430427947166
-0.701930405664602
0.00647958253333067
1.37849431175671
0.55833288134424
-1.02699860324245
0.198125136006185
-0.0498454641778436
1.40208498252276
-1.36351078656332
-0.563871394972264
0.0422251981212425
-1.2585794764546
0.317590944665001
1.9638656830985
-0.599807910754536
0.0126854443927117
-0.109159190772839
-0.263776867280102
0.236625380813775
1.10991034232024
1.12704796189662
2.3291139134084
-0.816373906279726
0.233910975354059
1.35172605615242
1.52537564013119
2.27249370624098
-0.499883290398231
-0.013072827245613
0.1186103271321
2.07169123290013
0.929568024310242
0.661195924271295
-0.395346701077948
-0.0608978508179182
0.113489304929324
0.660198412910399
-2.06641374283442
0.21634400595637
0.142076335984213
0.156779871229222
0.914131370514397
1.12905382378083
0.0899233268088126
0.136890327713858
1.67214929447432
-1.37700593022366
0.15504073153433
0.754891802687712
1.07661842880251
-0.0969962105078528
0.0185818893015836
1.17829098796029
1.28484209033929
0.168849002227842
0.118847494388917
0.945073269031754
1.31570000995579
1.03624560007548
0.313857705239655
1.52260409175861
0.310000727981773
-0.0580803296928128
0.0594661867272846
-0.683870458867431
-3.23430820934234
-0.821843352222696
0.158800770013696
-0.997241637058943
0.317014227147499
-1.21155194509207
0.734075267782199
-1.16409019419966
1.38674772965709
0.561328161360521
-2.22384043133266
-0.760226596500254
2.54987279954648
0.441649826104142
0.155509327986781
-0.926042268804861
-0.609249709839741
0.468079048706574
0.675983301820678
0.544458573477466
1.47111024467968
-1.27345313253233
0.721306776962036
0.439996625879578
-0.521935876058912
-0.0298465867325553
-2.11396057301978
0.215589432651743
-0.794309575423094
-2.02741090529083
0.872363795057751
-0.292355364985292
0.673817064463929
0.870922106413497
1.06105913723523
-0.70606329218476
0.736663356087787
1.04261775215976
1.37647487232573
1.75219559491219
0.408733706263104
0.882712316493056
0.092124863131854
0.89107642500341
-0.253665331366951
-0.809738451350555
-1.43533636754153
2.20043833051477
-2.43871526551644
0.383249484254394
-0.680914476914317
1.01762716173489
0.497741260721131
1.69170343787543
0.680533152306945
1.16832505622688
-0.982340478773431
1.68145441737548
1.37486160335894
1.10218561920057
0.582876217955937
0.0117778304851112
-1.35414010843033
1.16701144839187
0.157316382589969
0.285715478341401
-0.0959558470725624
1.22000578128248
-0.99510099399051
-0.467535665093173
0.682572707702147
0.21012051130957
-0.417132432322996
-0.176310917865813
0.395773626172668
0.695279746738115
0.233661304089842
1.50984713683469
1.28725263807912
-1.43888125158833
-0.203583603426792
1.6406933156651
1.47614805056561
1.00039753042084
-0.118576174131794
-1.45956595941424
0.604374436982792
0.433101249398482
0.428951894910016
0.847479501624065
-0.766220059001707
-0.730080643407364
-2.65442371077511
0.496938356333575
1.47971032525727
0.93241542852963
0.550528436878647
-1.24963288557794
0.00702754461554551
-0.150402916915804
-0.0196383585654683
0.71876960601779
1.79811797123246
-0.181150789058649
0.129123991166604
0.753316811865827
0.183767066470272
1.314734463596
-0.0838380036579242
1.13463303651553
1.27956470025844
1.0942777728093
1.57689921598758
-0.338529222134895
0.89230288218752
-0.0485148362156538
0.936203376561843
1.13387996184917
-0.875005412196
0.516523910104786
1.08960083255878
-0.570532499971028
-1.24073636836939
1.55356123730567
0.67754287354705
0.29621847442959
0.475788649983541
-1.60364730166351
0.0758091472062549
0.620000976350301
1.3118460353658
1.11614897143907
-0.942434026614367
-1.14868068822973
-0.176059881151117
1.5718630613146
1.00809563230407
-0.237348050443945
0.16856195345694
-0.31981328981637
-0.382030126105217
0.121739304800088
-0.0170119067861412
-2.26211635351714
-0.599036920482548
-4.09107152123652
-0.881704204559912
-0.24288733685543
0.297982565037266
-2.66504959774501
0.576996322852538
0.96616547788283
-0.305655794336266
-0.430888113846293
-0.39541220934837
0.837849124021208
-0.423938999689851
1.5163720195871
1.07783966720771
0.0491750826966321
1.54476158431544
2.0713981990687
-0.444995691101237
0.275303892389366
0.434509723237045
-1.11018540179372
-0.857348326445739
-0.413029855006554
0.511144927043435
2.11326882516188
-0.312006944064571
-0.355022898504662
-0.713289062766405
0.000189731092022569
1.53991264232882
-0.578446420567607
-1.61178941729214
-1.10534640171483
-0.295662631115741
-0.74656375062071
0.925430422614406
-2.22155233315093
0.53040605544446
1.49388189793288
-0.541928074962849
0.767080906942027
-0.295433052788809
1.60919578497512
2.27769318223488
1.48318312411244
-0.892824379296802
-0.350787768277926
-1.05180512742095
0.62250835177434
0.640918696661938
0.599182204890827
1.50789809702179
0.282198677120755
0.880368904615663
0.147055715610033
-0.0871835350809766
-0.31238772192699
0.259821223396759
-0.965925675495237
0.0976182335273985
0.629213974463559
-0.430716022574313
0.258376164600089
1.25256181273783
-0.592183520923423
-0.891803676338325
-0.520940561793828
0.61333440069496
0.661114327187857
0.21391352133365
1.14620915296528
1.24648567042999
-0.447213555288428
0.956424092445618
-0.159407060290015
1.72234840875373
-1.04056034000081
0.37769657394163
-0.137684502763698
0.349449413514926
-1.40261595697584
0.519723385424724
-1.88002491647376
-0.337301508200948
2.04756653072277
0.894685576887245
1.32639769193522
0.927025009714953
0.568566977301972
-0.176426514937167
-1.06999073845675
1.57979298744475
0.204114076339217
-1.12082260248267
-0.0435807598944172
0.604210896175986
-1.23664276622248
-0.545237216329814
-0.379209681526371
-0.261979435093703
0.767080906942027
-0.581473408419903
-1.38420347075701
0.739908462355065
0.857679602465443
1.02853207474771
0.225618549789279
-0.993797801219447
0.766199548054319
-0.753618033015705
-1.25744084215228
1.49643781460689
-0.0653681294161815
-0.4202302839854
-0.788445339939802
-0.250269174085471
0.283682359711156
1.04076943479976
-0.190801408422717
2.70831101414184
-0.62044685191391
0.617055531355399
-0.577172337879386
-1.02761692208872
-1.36040570536586
-1.8430427947166
-0.730080643407364
1.2921832687619
1.12698507623371
0.0478538853202524
0.882985276886556
-0.150942821627848
-1.28038608838951
0.982945736884637
-0.974861000094609
-0.245320453526919
-0.383808800132663
-1.71439999325491
-0.81874702484583
-0.786514880723842
0.759221036152388
0.183767066470272
-0.834537240830927
-0.238835055784194
0.304396058068672
-0.965942980805981
1.2479795752483
0.838405337292135
2.03493931367366
-0.552251386396947
0.728815051681151
0.233149649534601
-2.20437667751638
1.06712051959824
0.863002129328862
-1.35650541003078
1.06981831739977
-0.353506841010365
0.612908667976052
-1.03694277563637
0.246583767279034
2.61176496445506
0.664071852401215
-1.10358921148524
-0.372357989017896
-0.75044074337452
0.897892730206464
-1.10185705142312
0.323407519027305
1.67573326967209
0.156897359830618
-1.10546338214557
-1.15902265552516
-0.338792625692055
-0.720624258135727
0.734329805360416
-1.13460288116758
-2.48560308377923
-0.316451777104972
0.642163444135602
0.236625380813775
-0.391533208145912
0.74905770785257
-0.766502821631933
-1.61310752797424
0.848106764271585
-0.84986058974978
0.458385975579132
1.43205203603937
0.748340583941487
-0.70160745093699
-0.106931803414119
0.811898451738666
-1.60714612058637
-1.1613392320379
0.233661304089842
0.00445083872052268
-0.939555822786756
0.430111896283139
-1.41705211796987
-0.993346959127538
0.596416693521104
1.91688242446858
-1.19632627525996
0.0843515871172728
0.0967771809114971
-1.39602323854603
-0.362776511181042
0.268051197086731
2.89022618133382
1.44408796909583
-0.720153630508008
-0.525575793123638
0.598779907898436
-0.405162931569617
-0.500494904558465
-1.16094343961882
-0.567260202740521
-0.38970068802444
0.0539666158855067
-0.833863667194556
-0.538037745713865
0.989533263682819
-0.0781460938680329
0.157045674157389
0.102535514970035
-0.245471263182535
-0.353660359736366
-0.243756383015449
1.09293028867952
0.354479000915519
0.0797509626092429
0.106983752684878
-0.891803676338325
0.308280234315984
-0.681185580257452
1.53955932518928
2.1367695982729
1.17372604923784
0.320757740771848
1.28541279277769
1.61747153878695
1.32210435997161
0.736973773120252
0.39758103365611
-2.03367254757323
0.494484423341047
-0.274222124735785
0.278935382421826
1.50454344680011
0.784380925108432
-0.614105634844185
-0.953526429056282
-1.08446546065769
0.365595715496337
-0.0404553298592496
-0.413020477492777
-0.0705120430952073
-1.31599688190086
1.16954518051266
0.0677334701725384
0.608213049003666
0.156779871229222
0.486762491065023
0.271722596438838
-1.45704608759848
-1.40432404481096
-1.25154382221728
-0.413020477492777
0.760150962019055
-0.81874702484583
-0.167971162357279
0.339924812316318
0.00973189467978526
0.352586177823626
-0.183831607424068
1.30126951052551
1.07581981131859
-0.469090702873044
-1.92439195904456
0.890179942659088
-0.243993224992223
1.65781631614143
-1.78644415645392
0.697574976996073
-1.05627246151699
-0.405162931569617
-0.550921261451555
-0.533249989063354
1.11289348624437
0.246592383168834
-0.852639786792053
-0.289556538608177
0.481030941642756
-1.42028811626244
-2.92850835066325
-0.227119232925611
-2.18324741506555
-1.46946454160443
0.528726456004215
-0.148064645531751
-2.0486401051463
-1.15479940012981
-0.719776877977436
-0.257967840351845
-0.747349162828457
-0.798458908994867
-2.34480075083571
-0.669615657138373
-1.09074749160587
-0.013072827245613
-0.543631468401153
1.09111276242083
-1.20935341124787
1.73381204786746
-1.57858562202024
1.3090834771689
-1.40559873985494
-0.638661734696046
-0.0308624821371347
-0.197500264279757
-1.99665765590961
