-0.781100397002681
-1.25623911554083
-0.203222652546808
-1.54832363889004
-0.588222554862171
-0.681945562145374
-0.444232156031661
-0.232592268166976
-0.179675880921981
-0.267187145435054
-1.02070657973413
-1.56259777722702
-0.428997838280192
-0.288566441499929
-0.698424893574195
-1.91486934452354
-1.15889517836921
-0.770363438934963
0.389681443646861
-1.02466973708712
-1.11591149643638
0.325376580128675
-0.116608747361916
0.55329850412653
0.342273097784183
0.60810474770626
0.919776018629925
0.413136706474112
-0.878495788888391
0.000313940393080351
-0.436034678597739
0.170261249507429
0.486163324960673
-0.950937728446714
-1.95636469446583
-1.96452446696323
0.506471941276183
0.647696162994193
-0.178699389279568
-0.828623601321148
-0.55412505034016
-0.441836724261016
-0.483300514637801
-0.490366125061047
-0.548587526313518
0.571460913941689
0.329200876208093
0.651632416994653
0.221111408103853
-0.493350609392512
0.823026793767542
1.22681597846986
0.30053149567073
-0.423784768163573
-0.611267520643541
-0.281978288065529
-0.871790090251814
-0.881935752450981
-1.64678379641923
-2.4252191353103
-3.07079233489695
-3.77721072059877
-3.1819744556736
-1.62582965836927
-1.17360882157395
-0.871052120464012
-0.690462772355917
-0.599173202001266
-0.904926833173356
-0.925504853780235
-0.136943673218262
0.832561124560894
0.503771975435846
0.991651544655002
0.197137776146755
-0.719455657075601
0.568665581597715
0.809854955702794
-0.551675252522265
-0.46237945210794
1.29382482446029
0.107971555131158
-0.12669358763555
0.360299195459436
0.00360142636583115
0.346296503736849
-0.636452890956339
-1.23661654024244
-1.19322749207634
-0.676107853882334
4.86361409480832
-0.457058900229191
-1.06311526009807
-0.283650829269136
-1.14348411775607
0.909659411800048
0.546807664946217
0.162792869962806
0.413370901944387
1.58295114565533
3.00382063308528
-0.312060273148686
1.09165432572539
0.199943983401235
-0.626496057973833
-0.861403524317583
-0.886378069708839
-0.132719341125556
-0.153204713430269
-0.74869393791858
1.02445862007226
0.860880275862127
-0.852980386948728
-0.523178849563901
-0.0183301358562184
-0.169316418065885
2.27596579861621
2.73514735185678
0.19490321588917
-0.167342599910996
0.00540824071080529
0.505788527695062
0.608967320978051
-0.241256137941391
-0.37686955005129
-0.502718684428187
-0.590300049490894
-0.184770651367259
3.60413616395616
-0.279722348046275
-0.659281334061435
0.273446404409044
0.143855242036011
-0.607532150062208
0.32992373995516
-0.426859870674531
-0.934627457300645
0.171795836428574
1.34608048017657
0.366341760625446
1.0308085016548
-0.795398252647426
0.390008147096622
0.891964125554826
0.428390550092195
0.55479246199609
-0.406136697310237
-0.60488917302697
0.0798099033512879
-0.44044580662707
-0.845109659040861
-0.244263906892756
-0.321685524850866
-0.366882477306685
-1.00066688161881
-1.19520006348638
-0.675602748644742
-1.15277526642298
0.290416007251774
0.631990407810651
-0.185998566577021
2.09278702052651
0.636378294733689
-0.291106086776346
-0.80808967166607
0.15361510340645
1.14421611147052
1.14586399977213
0.888975884120193
0.190371723688092
0.947315055824972
1.94807110868203
1.02928195360432
0.181060885529387
-0.372823478749734
-0.0669713769530749
-0.677173453449419
-0.512841143689776
-0.666079340705171
0.201669126601678
0.164283380051998
0.337577653900297
0.683627345929225
0.201747310704112
-0.843825536932769
-0.21070201062436
-0.387047888726272
0.133020439232932
0.517257524013409
0.560076739915943
0.802921057853545
-0.184374549321543
0.0690784651225895
-0.014640583625308
-0.809931577444589
-1.38352737068095
-0.682420258099796
-0.378935997142387
0.0604935986794346
-0.0415681646913029
0.801230170791539
-0.0863321638129342
-1.23704100983084
-1.56436000299042
-0.833580864072323
0.71502870440719
1.08552713424513
0.347181661249729
-0.568415597024881
-0.112600917944156
-0.273037612470409
-0.47702784800985
0.191425471370153
0.409936761097398
0.454992360217358
1.25553678559215
1.154893052487
1.01329168736017
0.89063139318177
-0.28584335727848
-1.03733139682858
-0.527422516679928
-0.0483509846754816
-0.473030371981907
-0.964102101280205
-0.146223866607248
0.445455642251567
0.544321078168574
0.0898102037616209
-0.33991727310897
0.472948303290836
0.464886671742289
-0.52920803835591
-0.574344120544778
-0.273037612470409
-0.0466430197483739
0.157154908076021
1.3923438723436
1.09521542700038
0.423712484900962
0.420263643946261
0.0209050528769551
-1.89756238394072
-0.63947989660669
-0.883842124116425
-0.512585503222593
0.00964312710877823
0.668109657520393
-0.461418544507114
-0.583425825058459
-0.843057163615587
-0.568585559885825
-0.700423971995058
-1.4432660901482
0.114362587664518
-0.587920775676482
-0.17510156371036
-0.588651121405092
-0.595536016594608
0.266377486743257
-0.968425158313851
0.364431100520646
0.194548015816171
1.30555035924522
0.86628888765987
0.694628290196278
1.38239620335063
1.12984039289396
-0.283540817761807
0.174268070930018
-0.717063396606887
-0.471698290184371
-0.396214113179446
-0.747137249609686
0.102179162371477
-0.9562169364796
-1.7480804078049
-0.157435748026982
1.09142807496141
1.5952766470343
1.7705851383653
-0.41755108507007
-0.233110811259362
0.0931268942529346
0.594027736975632
-0.781831979843034
-0.63476017407285
0.0160342378888449
-0.155180279049859
-0.426723314824353
-0.151888920986409
0.412946534912688
0.38660400576298
-0.265495537897657
0.495995017376851
-0.330333301962447
0.410137808121639
-0.933842394496114
-1.13967856015691
-1.6819583939281
-0.184578732378188
0.00338214389612012
0.746127594149104
-0.279478337856155
-1.11525954937118
-0.777805045424585
-0.70321830810703
-0.189928075709358
-0.452355761423252
-0.29441618834964
-0.901037927803038
-0.34091725519139
0.681532258803913
0.470780119102519
1.03688316822345
1.00948839292966
0.00982705975150286
-0.591517507521593
-0.18252283489056
-0.537212969225689
2.06799578334685
3.38690498825191
1.54166165050804
0.0225984852826912
-0.724018449506458
-0.685585883866722
-0.300658381248371
0.246887618147369
-0.426471540051067
-0.511174759924683
-0.405378332440772
1.06908141321812
-0.294052005375711
0.160856726239799
0.147915506906388
0.123325227297821
0.15583320101335
0.124817694161009
-0.481324911661015
-0.554890086061109
0.880539804005832
1.40257057769138
-0.464767511255942
-0.57622279015266
-0.72402911127468
-0.259380250216219
1.08815083669432
1.02536494499806
0.624502329696782
0.152370659748548
0.174076103865502
1.27158037244965
0.0780078495200594
-0.505535781212165
-0.418646478454681
-0.503725014899177
-0.111106925717474
2.27931452730878
1.44902344335034
0.411912633659267
-0.267336350068402
-0.95016058732942
0.423339030554293
1.05728509021424
1.23821364372358
4.27775750781293
-0.601824363623644
-0.100104273673306
1.88302630673662
2.71638300380729
1.95283678430714
1.10066732166234
1.01503041132826
1.05301098030155
1.15395425402111
1.79369609299381
2.31789243670202
-0.182199947195223
-0.347493198337142
-0.180904558467084
0.596661890647357
-1.01671908971757
-0.252472091858037
-0.474166504626515
-0.255442856820656
0.0910855025324074
1.08345541925631
1.16863870922985
-0.451436267865511
0.964984527843336
1.78194180463464
-0.117996353944339
1.36051714932642
1.28729534193878
0.771655873309921
0.59182869113265
0.816630241653671
0.822055432533591
0.93048727381109
0.117690840459522
0.783698205219947
0.945074972822562
0.310577124238822
-0.10393525743569
1.41476982569393
0.266445424610726
-0.136548797661285
-0.692266890841881
0.37420234551937
-0.404690959506599
-1.1803564022757
-0.720042215368598
-0.999043146980286
-0.202068516175188
-0.833172702260783
0.0128051950019701
-0.810203878630247
1.54427383986144
1.46458148989428
0.942847385833111
0.473496182648078
1.02627791222081
1.29955321788345
1.33011659555744
-0.651434707413584
-0.606593456438253
-0.0212300126949732
0.11932692617947
-0.201049789236977
1.81888293631864
0.605338848386629
0.810289578674655
0.716224351786706
0.779036357719506
0.335846101712568
-0.517729559557895
-0.408639307642736
-0.665180939013888
-0.74376681739441
0.351780857068036
-0.647137888465902
0.976897947507703
0.815095117465816
1.12182758310514
0.885470862798501
0.781845337175338
0.85686109821636
2.16759527318802
2.55303340520635
1.67873208079759
0.879760541089287
-0.233888352747618
0.843916648628395
-0.235054327287522
-0.700808216022136
-1.34677431085828
-1.32618901082748
-2.60808062535631
0.578527188446072
-0.679195266394998
0.457948394252605
-0.0632652232871426
1.51061783254126
0.206115675395521
0.719503968611079
-0.795714597914026
0.894751360668858
1.033499359864
1.1843861925238
1.67191260866275
0.405454074757483
0.301618218605267
0.35641662487907
0.00478057828151725
-0.248057405443955
-0.283281677834786
2.06651929186986
-0.911891054504304
-1.04419791624159
-0.0886699870734168
0.476696379989677
0.531409474173903
-0.403122924063292
-0.493359360248554
0.142010078347184
-0.307316921244658
0.351152363575341
2.73282096059663
-0.956543121710045
-0.43019599055717
1.65394200386335
0.912268895686095
1.10747219850934
1.2890338058831
0.218341152320558
0.463858500841268
-0.180964403474281
-0.0239995985549313
0.788180815089816
-0.417258474335184
-0.634745738564419
-1.18031538444718
-0.320424216911713
1.17410031184126
0.954977906830186
1.03447000836902
0.847104368937619
-0.0890976725600338
0.202807303376625
-0.192787016549637
0.35299152996617
1.54552223760765
0.309742026227382
-0.00392134482740471
0.30055386918666
0.306908274030859
0.597655107088859
0.519259902278621
1.14461674167319
1.12984039289396
1.49349128352746
3.81817245146658
-0.406398078790405
0.293304650967209
-0.267502013745813
-0.250039758394442
1.2594204086196
0.53549154683278
0.556462045676136
0.687959466049517
1.23519790717903
0.404662291160999
1.38201066799999
0.187228769728853
-0.165738535120642
0.191296555069043
-0.840930451996686
-0.190302231165056
0.507889070903473
0.763314002420071
0.847402352170538
1.14393106555276
-0.136586179553669
-0.914415048847038
1.3960436847241
0.51212177640954
-0.446283009926459
-0.180904558467084
-0.308842928029013
-0.572938366005499
-0.425784422446211
-0.74412649589794
-0.290760193505304
-0.15853421000281
-2.15023322290868
-1.63956807201672
-0.803007296378148
-0.238025804629581
-1.00111494895545
-0.258550309174918
0.748847950060522
-0.676379983437036
0.110820050207398
-1.09019978245954
0.0889742098156556
0.0445176380316468
0.544574110523316
0.562455331248945
0.194864615052692
0.700716379177917
2.41888151950695
-0.389506281349883
-0.324652350391994
-0.253149902243775
-0.413034109222427
-1.25725291103666
-1.96137332088575
-1.14227526239958
0.31305534257062
0.620819744298552
-0.499837793019964
-0.652100818844823
-0.418646478454681
0.999070308683585
-0.65437644469086
-1.08289149251759
-1.34450845221507
-0.992073678349513
-0.524203282336629
-0.682066818907904
-1.34118599836435
-0.767610396312578
0.687275696785238
-0.647023536730504
0.627512400492418
-0.676576378455722
2.82358745442047
2.26477765346521
2.14872093347166
1.35348416828542
0.7714779864465
0.365623346573666
-0.594604461492732
-0.498827972433491
1.56222526233704
1.70831583327229
-0.0347779520418101
0.00776113067947986
-0.0460123990753432
-0.286797487474614
-0.591907086667918
0.54960932358596
0.07369290244391
-0.31572089541319
-0.750633806044815
-1.04085422688988
-0.643251116198448
0.320579116718316
0.417082998818981
-0.506399273733066
-0.668875313866721
0.371635972267866
0.925082542399548
0.720939257740366
1.01915750743431
0.874736006552624
-0.486637751965984
0.190683286025406
0.192627308124586
2.51349710919618
-0.672432542159598
-0.064427794633472
-0.440289379254332
-0.533108485913124
-0.561874479315936
-1.75840953727172
-1.67173381566229
-0.320682446464066
0.304195983894103
1.64616251980009
1.62765287992095
0.474220037977511
0.543672187358906
-0.364473159115206
-0.775399134180745
-0.241762349692138
1.83095342880699
0.782675506706248
0.564192069512462
0.43402011706218
-1.45248149766823
-1.24296309946444
-0.820375959402423
-0.636161340184736
0.244639449135507
-0.487696823288009
-0.92853754809783
0.175965095133254
-0.0413135159781783
0.999816114542365
0.942978833248943
0.584865997372184
0.0424010045561323
0.0541868552134212
-0.986033254178308
1.47510485900486
-0.394170776507293
-0.413288448529088
-0.825020877663339
-0.596592775238671
-0.801440075459207
0.850276771560363
0.530230216254926
1.66847562349051
0.494836726295471
-0.0266477233047287
-0.468300911675624
-0.745147461052034
-0.628086998838487
-0.573526769605612
-0.63990655932349
1.09553272667487
1.76626300907042
1.12175454248503
1.09709214741901
0.207956689655832
-0.516880227757171
0.330801856339618
-0.487429593697525
-0.485849452407437
-0.509121885387948
-0.560059336284508
-0.674060534421929
-0.825946287288912
0.146834119489444
0.460442746905609
-0.0139694125080449
0.405025881282688
-0.685068878992743
-1.48698719152971
0.754379774132277
0.239984658824412
4.04856904123332
-0.47702784800985
-0.111106925717474
0.464511154571045
-1.55937050185419
-1.90707051592053
-2.55132856014193
-0.193763272287632
0.616305160765087
-0.114675771817999
-0.37806224898923
-0.542303978263474
-0.472998393996187
3.97201572531905
-0.0612786439404508
-0.769275811103227
-0.838831887053163
-1.11114749440433
-0.820656245596514
-1.298244595493
0.220587581652765
0.828924647184464
-0.180126173609999
-0.707568114155262
-0.697900644724213
-0.421230314839586
-0.754387366254508
0.435364251205778
-0.739566090188537
-2.133473109881
-3.49539756686801
-1.79423808124498
-0.165971576399889
-1.00470311207117
-0.285275201551732
-0.723006711600827
-0.912784145227945
0.114342310494301
-0.867525621927177
0.188537678937962
-0.448528144602725
0.559076881801316
0.641073051174669
0.277931126229011
1.00949812098786
-0.227801972013772
-0.985291777595283
-0.314094489949614
-0.488457223607885
-0.515765708624607
0.188652413660593
-1.09427587970579
-1.3909303514694
-1.41013971018631
-0.833580864072323
0.410451488785979
-0.764563230530795
-1.03272997172534
-0.95726945563954
-0.539465971191578
-0.3555890986858
5.86866999233406
1.23716726901098
-0.784980570466661
-1.59789939987407
0.0313643786228123
0.258447172456912
0.39519233307231
-1.70064594391236
-1.30311963377351
-0.994575332912943
-0.526714987073379
-0.590300049490894
-0.645259167159922
0.158083135795854
0.00488711688461784
0.859876670428254
0.367250522908581
0.469808704639734
-0.0594827061685076
-0.36629628879118
0.34747332799431
-0.266826090921604
-0.368642597979573
-0.29509230497154
-0.620829825325809
-0.403208516203013
-0.867252927911166
1.03963107721994
1.10895340076347
1.19792789386816
0.911896538998323
0.503774821340959
1.52541528372958
2.38383894290664
0.515026708852093
-0.0892218695230168
-0.49303625134388
-0.0326795058700389
-0.536548871569376
-0.744939355783608
0.923379363232821
0.933004462082811
0.931522970202753
-0.296282505677814
-0.965874084011874
-0.568733976508237
-0.425864380177491
-0.582976281094808
-0.389506281349883
-0.942526458455689
1.06318759062791
0.728800681545408
-0.125574059515841
0.673782299662327
0.875430733396694
0.527023672763669
-0.544797168735006
-1.05440415575325
-0.737755959958897
-0.632298221166408
0.131776432356398
-0.89529053730808
-0.478923643383438
-0.477216114792007
0.36610750078902
0.537998335698043
0.0619538892326807
-0.906498465213072
1.37191027283226
-0.542112694638652
-0.748847450330574
-0.0202632597330863
-0.313313256582177
0.799518056910619
-0.401363924218886
0.498391071026453
0.279478854179331
-0.344798776913546
-1.73253068279368
-3.83885767428498
-0.193878450300454
-0.379255426938075
-0.856645835298773
-1.01892058602195
-0.105212619250504
-0.946836315351954
-1.23113368347409
-1.14882182854429
-1.59157959606044
-2.27967062545394
-2.87541477988211
-1.01978192608413
-1.4795899944548
-1.16405508264561
-0.861948351320963
-0.77702338478014
-1.00620864189226
-0.965182617084188
-1.17662158218463
-1.40661203469095
-1.19295317200651
-1.2420272609733
-1.20926225226814
-0.475486369574715
-1.04187194538186
1.30450866610587
-0.862706335046881
0.802940043881909
-0.695695454603994
-0.702125239607462
-0.40820177826274
1.30589160397376
0.15443428153126
