-1.28867550232807
-0.806254738312861
-0.00390827661479864
1.19365513135752
0.835247436051976
-0.387575699048201
-1.24168841463041
0.0780378901619639
0.81793329864435
-0.036677841852962
-1.60642746546193
-1.72218871750057
-1.19887452768333
-2.15961483312207
0.00227492503243696
2.15155499231744
0.776867463129758
0.217184464850699
0.472586305996602
0.303510528149412
0.604583712971743
-0.949964494756177
-0.768902669920901
0.644012122409907
-0.195826818114594
0.225188282585015
-0.379992423863039
-1.17615183660396
1.05903733225326
-0.23554850391498
1.269593332972
0.784702133609763
0.564176594473219
1.00342030891722
-1.32842977730374
-1.5113882992941
0.373453006708713
1.25199744213109
0.13757792578331
0.165714196924035
0.451771143328075
-0.176612851176409
0.412082492327775
1.62128811053231
-0.319123015906626
-1.53829668437725
-2.03628958943878
-0.723256543002121
-0.780992013903833
-2.58238653645518
-2.54520415362047
-1.14742995755353
-0.190980911490985
-0.307878623185424
1.32636234332859
0.151591464139519
0.822782152864246
1.10096761496857
0.104948502294538
-0.292176458661017
0.462929790109206
1.18957660392141
0.0753821915670723
-0.446515330201874
0.986920895114428
1.59011728433401
-0.0607436070873155
0.522796416923472
0.598926716381769
0.460813419007763
0.00202376838494045
0.262585241500946
-0.465553933292789
-1.40593091325356
-0.952120435102642
0.751741308074083
-1.30191745503877
-0.657474199659133
-0.190714762376639
0.884377537598475
-1.08524198263995
0.0114861405098109
0.281535055571434
-0.440684676198511
-1.51204326958516
0.127877194196819
0.0761096270550922
0.440839564669525
1.51119594606219
0.277459564242631
-2.2261825679138
-0.266357816032063
2.81727752195551
0.348634017049136
-1.28049914141396
0.91665334852679
1.14697331538091
1.36729881576746
0.412184822468233
-1.31673787616601
-1.15024399597629
0.426807866069698
-1.24318233595517
-0.49732978665303
-2.00894871151832
-0.392115838276534
-0.910676445551694
-0.86318829812812
-0.461339447118036
-0.336326681223114
-1.08996946006098
0.0709823853191867
-0.246499121034699
-0.675556729476586
-0.639638120588673
-0.153621497038355
-0.324780012496599
-1.74009767377042
-2.41569841247909
-2.64257855202488
0.936897389136292
0.767077480667636
-1.82722532705556
-0.198096271047228
-1.73003725646777
0.489092135441088
-0.488752066747049
0.0161703980312837
-0.856537691938304
0.371191831573246
-0.811787975716739
0.0170275808922468
0.672033142621069
0.694571179515886
0.83336996996677
0.144550707097257
2.27872088418532
0.346441066880257
-1.18043764029827
-0.104127503333933
-1.40041750692935
-0.913384254987167
0.334511021554315
0.861132039234786
-0.22532822133699
0.154317461910165
1.20363463331179
-0.287285263887581
-0.335786138444915
-0.775345505136306
1.64232670360114
-0.674683264094177
-0.748246614361464
0.273644525522419
-0.8143106407635
-0.316551667618738
0.500860165681077
0.757264597805114
-0.565488473279698
-0.819395865241739
-0.126877411811809
-2.06657207877685
-0.921989251045015
-1.31810518225324
-0.220529646770225
0.159026440912138
0.324420361367272
-0.610859746142476
-0.633809189034772
-0.630985747182409
-1.2529150093525
-1.42658646621814
-0.463420785127918
-0.832271987895419
-0.722550754135161
-0.962023394212306
0.0704016064197668
-0.67195467251046
0.708874514501098
-0.12425835250975
-0.346251555425377
-0.437453890724464
0.257241063543974
-1.57321921715929
0.646371053068734
0.25401924781287
-0.169799863824338
-0.338536556850979
-0.298111314287609
-0.768282637235978
0.918760246395789
1.10127298674213
1.11649933842548
1.22555717441774
0.918116204308148
1.01779660875095
-0.232762656817601
0.0162674668779302
0.846813597950504
0.911186784188401
-0.35548942255537
-0.69329314570926
-0.0277436791676408
-1.56374985927673
-0.313184048516478
-1.08919286085295
-0.295973625009664
0.231220236863472
0.654956343204197
-0.391594039007685
-0.612000576073376
0.648593650922791
-1.50466787265572
0.441913628460617
1.05851588998925
0.750089420650756
0.769290515882543
0.208560897734423
0.339441273677599
-0.788154523116795
1.57243768236289
-0.835620604528237
-0.853268870087199
-0.234736653387419
0.424367964467531
-0.695731828360397
-0.429856487629245
-0.911487323284649
-2.77574073949437
-1.62726593782243
-1.60244776129211
-0.801255731104511
-1.09701519713573
0.969283760597147
-1.85793096126081
-0.822477828628672
-0.290838032957442
-0.710363924268197
0.477798396213417
0.901305994738734
-0.610467419452091
0.70329374206041
0.322346539711658
0.426730571451817
0.103780716498023
-1.02046424266358
-0.343094737543658
-0.868534739436982
-0.208407511220199
-0.301884580179089
0.481834660288082
-0.912841501560264
0.15656906433587
-0.771909648293447
-0.483651980890074
-0.89649143532394
-0.591627784486272
-0.404318782212862
0.279870455050377
-1.0170167205508
2.29521755095356
0.481542221543664
1.45760150039464
1.49308190109561
-2.62239828098557
-1.50378716180066
-1.75520921375264
0.163194733849493
0.0242236945748612
-0.139778068214775
-0.19967829032771
0.0581028093641956
0.211826521165001
0.489467940160463
1.21845285395722
-0.265544285911364
-1.09091884336341
0.0834466412353024
0.104479611083449
-0.464151571724117
-0.663744221625076
-0.198043997626681
-1.04075599639519
-0.33991139000965
-2.89709717611806
-0.389677155625397
0.664475609677356
0.923424239904119
-1.74221905297021
-1.58719666613317
-0.164671519442566
-0.926221099604334
0.648660463771431
-0.718419022377192
-0.969794733449897
-0.926965148671551
0.340321157990742
1.40763195836647
1.25377016461235
-0.267349856945147
0.59649658272156
-0.807072478551318
-0.0479181236333654
1.34683848629273
0.773433347075497
0.939815934227309
1.6572659168525
-0.120625501235008
0.893898681421579
-0.862781589973286
-1.12964377161498
0.392586355940963
1.11001551354152
-1.4318260208078
-2.31788056364927
-0.396126068710114
-0.362114361527519
0.244643121240511
-0.855509752075275
1.80414092060753
-0.972102050843942
-3.82334232862431
-1.04639582507006
-1.52673565308218
-2.62304666347408
-0.322970257326542
1.01922973712714
0.715461039800032
0.353898835781937
1.40862226283152
-0.134692712682732
-1.37584817490849
-0.158302684281883
-1.31698623377351
0.909174119218174
0.0779656032859862
-0.126125700610538
-0.835693386900905
0.373994459353174
-0.514540833215853
-1.59954084640674
-1.79064606822751
0.117033030607523
-1.16343645192659
1.30928385958753
-0.672564343173388
0.413218171015136
0.638144016549663
-0.168270562357161
0.724282408183252
0.332166918798359
-1.01490619983008
-0.187546795436724
-1.38010566903574
0.347843875345477
0.276013864980167
0.911677813560893
0.468739137624591
0.229063622597529
1.24120474186852
-1.50491106221268
-1.02241074137102
-1.41840658285148
-0.24798163992398
0.206231845449528
-0.903262660512502
0.692939701458722
-1.31329326619849
-1.83843067145455
-1.03714739953959
0.939950632789208
1.39422688699026
0.74400359883461
0.508671565284223
0.315799620320438
-1.28196928573654
-2.04769299148512
-0.724446532316701
0.370252695223174
0.162590129407107
0.32981530718091
0.246819016358445
1.01361245215608
0.599324239320947
-0.325503315796458
-1.04121876685786
-1.52170242213422
0.487197685241767
0.1678842161772
-1.67344448607643
-0.167558981836262
-1.30779393356442
-0.521966750769401
-1.02373464495759
-0.544385480754646
0.146577302573733
0.780313018185504
1.30133443652397
-0.171582156577513
1.1850889569039
-0.750741828332596
-1.30241776315245
1.04699905552241
-0.274606814982891
-0.821787570029069
-0.06777104565677
0.558019144702118
0.394843319733278
0.572182239406123
-1.29689888144614
-0.0420986397301483
-0.573496269161231
0.397969991811735
-0.331988662942417
1.92915959803237
0.0622273088396261
-0.00152306450764379
0.1639038062149
-0.311795763438655
-2.58254331514825
-0.071985762828458
0.486865158922693
-1.76102869765585
-0.0257649967451947
0.254309470208911
0.359835533411531
-1.2484110605934
-0.0312613459356976
-0.554292445568365
-1.16334922674311
-0.213916359622152
0.657553905163819
0.883081642598459
-0.338507321859123
-0.811361668192261
0.495259967080376
-0.423356097828217
0.379927233209041
0.176789883614268
-0.185242659682998
1.13472510767325
-0.456131257872416
-0.412197832301491
0.327134405962594
0.561808119591656
0.159496483421103
-1.84286519004546
-2.26909491836187
-0.295721451145672
-0.222823760710371
-0.550749801741236
0.0862868891127927
-1.12726538587867
-1.86020279434587
-0.429856487629245
0.775367415125177
0.376370727906447
-1.43128086064868
-0.141029866085405
0.430761712370931
-1.25326747760361
1.03290747662193
-0.360274832782488
-0.499392036390469
-0.182546955381287
0.158416770249727
0.259335603159563
1.28769819599088
0.318340495193877
0.381921828308201
0.23723658762657
-0.901530361473451
-1.22293278579139
0.0303316567359002
0.980519556552666
0.309009860782931
-0.743397760142254
0.681514198948598
0.0555042673772738
1.1468636553478
0.225297608107155
0.407816935862426
1.17744695574717
0.2931990284984
-0.786800046902255
0.349119960186379
-0.495474712710044
-1.33597801331299
1.27857444952808
0.0285569190687475
1.00503539099692
-0.666832448193033
0.371183667999213
0.0709079575776364
-0.105385527178099
0.194939968589421
-0.529241342833983
0.265404544364118
-0.0345999838967812
-0.783982500191839
-0.395088398683816
1.61248130107368
0.0373410790400678
0.203904182899522
0.735898817729382
0.484957098366238
-0.977944394923264
-0.753385932687317
-1.43699268650565
-0.98295973637528
-1.23048400469126
-2.27223939422369
-0.587426282737407
-0.758527906630969
0.83248510179509
0.281543737356933
0.49664567950634
0.0172096819124999
-0.426548295089358
-1.02750351520282
-1.66078258270741
-1.33590392948124
-0.633662435287759
-0.55713502904627
-1.6331625094815
-0.703657546977196
-3.49943531658919
-1.03110640427979
-0.0742551015376828
-1.57792894342976
-1.03650295169971
-0.497408484308618
-0.549846039159656
-1.12761997491614
-2.0924766093116
-0.802542747830904
-0.377309266544502
0.401065694051744
0.675070802873851
-0.647422559578494
0.457742730201973
0.804966111720869
0.303069499282273
1.98123928847498
-0.507491941157231
0.284156797508268
-0.015179006669876
-0.278043897879003
0.0219130642216823
0.229748237799509
1.99442462235618
-0.681277016464028
-0.706752218980794
-0.158604469377073
-0.819727176303232
-1.28801599711561
0.280637693291542
-0.121025815070625
0.958857697337684
-1.05619946556637
-0.222145931509733
-0.328100418680651
0.0615586634896758
0.727971175485732
0.629564089630459
0.409452416339559
0.806091139170435
0.662552315233326
-0.237913830899262
0.33170715369559
-0.822643482921111
-0.581882025898205
-0.768450173611088
2.65684714648369
-0.665473403001448
-0.721902364726507
-0.254181242071411
0.0267499846954683
-0.44146072259124
-0.265113988831239
-0.666605985003582
1.75419949934518
1.07015483606278
0.231331787330496
-0.39266397157423
0.137687967713855
-0.211393694575391
0.259425492191548
0.862333402969265
1.47932922844956
-0.0490092768650783
0.179319297526759
-1.49594501210365
-0.682923686068919
-1.01535933386797
1.62128811053231
-1.06746285050064
1.35032291606159
-0.708358708797286
1.31839290356701
0.573479004382867
1.09608163664658
0.484564653515174
1.72223848440674
-1.48278090056233
-0.975592779782946
-0.188473880388563
0.880940454701846
-1.01170102697239
-1.49440039665385
-0.890495125177156
1.11932869708068
0.583853124197594
0.623427778761468
1.32366148881677
0.608131912822452
0.873022712648523
-0.425080205336469
-0.80770426966976
-0.410027881091127
-0.888863386737269
-0.604890899600541
0.712406245566739
-0.17752269800944
1.53373346971702
1.48369050972182
1.48624332036398
-1.21343989010755
-1.95668891604801
-1.66875642279025
0.638411573090211
-0.367408053178896
1.1921032159417
0.669930456354835
0.522701834046587
-2.5017440113818
0.178289877697546
-0.157514149058844
-1.05978088731287
-1.53593116365568
-0.926454099774982
-2.1958286808064
-1.22301439806555
1.17859183350821
0.028378203181734
1.25460462199897
0.561046342757903
0.324426049411748
1.25752252965457
1.31714408113611
1.17817439123519
0.147574062786807
0.335583550159446
0.287505414141654
-1.29472262167352
0.317946276313079
0.980369915008601
0.366314466270972
1.11552812004722
0.128521592234808
0.302779315472176
-0.0244950702538738
0.712251961230375
0.694297549973255
1.43850715624709
-0.0399892925545184
0.850548401263343
-0.269794898928174
2.17318805308787
1.40641261704064
0.634708162124798
1.2023849646398
-1.88907768659502
0.4228088402359
1.01741114840741
0.462506947110883
0.0310919266834098
1.73812613950718
-0.685949681668793
2.19596837076795
0.157680982376905
0.857099349840725
0.0973805071542312
0.767242345472596
1.67540504343434
0.892736897325647
0.249602990921024
-0.0454168087269951
0.529611107224349
0.177001065256246
-0.174281627799891
1.52573720601955
0.939962796510077
1.00646866223126
0.0358274800121634
-0.498462949282852
-2.25541379254618
-0.0517530782056769
2.33734284121602
1.19617459443206
0.148424225203118
-0.654795306352411
0.0841667614539929
0.920123199717998
-0.541362167648909
0.546776982465345
1.05649775795192
-0.248391361089523
-0.299243825015768
0.440799125484057
0.854101881372177
-1.20890485657345
-0.283129692280139
0.925082021042643
0.406853767689542
-1.76423854217284
0.560135882623439
1.07658078845573
0.75831874941879
0.43230891868638
-1.09383656456115
-1.01913978041677
0.408911362772769
-0.119489023120074
0.356760599160901
2.16808851516977
1.40255233091208
1.3786300580644
0.718531787137872
0.444961981774653
1.85466897876315
1.32290683115164
-0.23699910612846
-0.835420806821351
0.072472449615318
0.438823994209564
0.546209334819926
0.3893033597814
1.60049690649654
0.229269537592505
0.682165380489127
0.552873689093446
-1.30925752294766
-0.717839829900408
-0.55081623051853
-1.4353695618416
-0.309067463792121
3.10038478620879
1.48429537030378
1.35303522672577
1.18817462075088
1.41093863728785
-0.125168847113526
1.63625845692361
0.357719539985066
-1.37371350796004
0.56926451820839
0.985959284521148
1.31129508552233
0.759803589912716
1.26336723748097
0.21986335815739
-0.31097542905221
-1.37997267438389
0.440530811867336
0.336440603792962
1.31481865874542
0.686894434464722
-0.171188283554895
-1.04939616924326
0.992678341818515
-0.320038283857502
2.13334330455606
1.57739254112887
-0.651589491189902
2.61872956699432
-0.106581572604096
-1.10238216046127
-1.4792851471027
-0.023146374611701
0.448341184120002
0.39091697093228
0.124847804744855
-0.245462176849438
0.234849479234855
2.05155665634538
0.507693457138173
0.113096135702686
1.05310272830609
-0.528682066747997
0.263371867234204
1.66190279276434
1.08148668405161
1.63142891282093
1.73066164430112
0.415141041308673
0.0997742477679532
0.0370288900015374
0.143176653798058
1.63022452606246
0.179500826366037
-0.755479553316905
-1.37787401222101
-0.0601605808066119
0.616596439862246
-0.424642626987013
0.715889138669841
0.358201175822829
0.0654330872256951
-0.534245107568547
1.09331061660253
1.27345532144217
1.57758712641831
0.183413267424974
0.99898099488449
-0.168494842839797
-0.344306407960139
-0.00486930452859694
0.511116048823798
-0.0403778825774844
0.807774507617782
0.130120432395589
2.47145303906736
-0.518639700608886
0.634484980660436
1.09791926165402
-0.684645657357106
0.122653486374564
1.07370609419063
0.78643066631359
1.41895553773256
-0.399149424399664
1.26451194283256
1.56131918129084
1.19265638472643
-0.951024728944718
-0.294878744807222
1.26131099928997
-1.1074443192027
1.13422465811058
1.53081574851901
1.58917900049543
1.61936401465112
-0.150226472630034
1.2753866436707
1.30079680725283
1.49442849240964
-0.794981165459427
-0.394280256313738
0.508367730707637
-0.323400022654007
-1.7339249292207
0.70380388455324
0.868477270248541
0.119392038585348
1.81142747724749
2.36743554892018
1.99463017358627
1.30843528742645
1.96912089962242
-0.0637500269953003
-0.325052065366098
-0.147318002386563
0.874222429230528
0.95667305503273
1.64233211600146
0.311071289649242
2.16264062984562
-0.453690789640891
1.02219190339678
-0.0181668493200336
0.75239355438635
1.53313929606932
0.793083930244326
0.362260337069564
-0.995446376360474
